image_width: 640
image_height: 480
camera_name: rgb_PS1080_PrimeSense
camera_matrix:
  rows: 3
  cols: 3
  data: [542.681695, 0, 322.613028, 0, 542.755348, 241.423893, 0, 0, 1]
distortion_model: plumb_bob
distortion_coefficients:
  rows: 1
  cols: 5
  data: [0.084850, -0.185229, 0.003744, 0.003637, 0]
rectification_matrix:
  rows: 3
  cols: 3
  data: [1, 0, 0, 0, 1, 0, 0, 0, 1]
projection_matrix:
  rows: 3
  cols: 4
  data: [546.698669, 0, 324.814925, 0, 0, 548.897339, 242.772675, 0, 0, 0, 1, 0]
